100
2 9691780089317462474515816581845610738236141177620536142780835336867141811070206396979517796766488931656264084100319378471981658978122071
0 1365243841991770941810458884646857375527630836354665693645611580663528227270172038503545144299477728455083083244200631416436889907047843750127996366046594533880354330114060056426419980453757947856867411222677727404977951849057499377570844336435664291956233192859002356329195655635572801475274380690806426470687554147548254801800808374882240638303568214570299445360473128888527564727363936944709907145952238503250383864923568398956903479771876816995088644298110631374286394281701335507081946827249867818433281800965966701130010165438134500565025346186893324873228087013560046213796576295545281739724456857250746570297207239996067672699725389152818704270990703678226300503304117697161
2 414745352394191080465020076090178276048524979828768622733344941971258769884291971097286293935325068654133851627571179
3 5569293426760983112845451093762641867689075061094099283104728951116777525654726127588848883934493651505094424298174720897499914409634590956832576449890407116418632956136492711427774681626519196702698154058001468479571862994
0 4326910910496462959768135276005467651189969901114532644093764985206408455372689930680330074077765264242103128004309629300965321818357119745072278304778942018120814475135419279337164499120138690522416498818070873425129350472275763056244254286216685971145906154994749722716941295350824435596112965358279385531684569865938574588990862921697613413258671902740814443641882494521230268338742244334936207906458305156608294318928003106554018723405025515487126341410176785344662573103884722336381398716122994749241477748335175152477229575264120231130119551632399713415762390430382423998975692944178059214543996855283020162491019686039626593092522302520957477209963652117050128956925023509772965743035463417068369773189155978656571466301332709470003384866448654990151314187196991989986075592738827863725281171364980844233998442775073889463944643322897506498386476762952236177984418189886711169727546802012155836650896390963213223657517672578641828260893243880887465924415595335063781738787409
3 8011822963935963632250792733066177674728701798327413403486011847735234286323554213486632048781050433792370249275580395915381046902772934098131190791900723599850409567478923143766510464674528124586115894462039150446809767217324247296381746809656086161392411195943907764186355423109151788096811246022883384911802603330644594280143746504557343842539935930374062578264871279648490984911964629305522131132905492622
1 540065716625718342146672393311711991056589495694578455183556615053077998642321340829526245803303929598310204053981979735441386137502153253420357820308739607986215828815233559882201068190300088843030700230627621785182769627818274059473107853853235575211991569346992142692743172743105732804960995477158743340064708978445152428861833085703946447677826253081206133471692013860749079852315851960758770399293753262386056329374647210883634520685108106268821483426992702177889448531740869030215481160973509218059662388730321719647999467616339038662919639601870102643244324201693518
1 2861043932310415660244061577580482566641931725936692654157960463964655555397167529453261485930570286216704637765260421642167105901276325707313787920029067198947593022346821553396787793783956343357914574748765179528189203985631835789626987617618061339129106490188083591964378185540461625294268986750532645332547806698117721469856694978420000904601054781796568030541142
2 928012570265164149465869910869392147391674011429833398241926
1 9205897382741888541303322795318874428364188230589077030715040202161776569727967625589457449678560545666940706465322299511455707054259491019742530213332159025855448674967514399547724033887078744664127953433292895517369962477813149157317675949836323788430961158923479465558621223011164688396514791653581121518591
0 9782070531168872990359582235419147176116029679269968718524379272490993200762080872765304932017040399156885819602289976065777177770542852286399403262480905661137912667461830837634863856828131905039380767655791607917587929516992970729649293146571494180932836564038295890698427560039264081636297696598834044905548867841873864649055806632922893425734953770425253956315518953528829892793684182179281914497851041110196684286479373272769811617421861731640757617553404259828615161933793691343319114482537547165061258954437930338683205746035803219756810867872178564426401029092894575044006560601148739384075846229227988135324393328533723475382351866010549787384936597252787172501272758276350263866647593013235591558176647592036414517815525018187860155685036501346144042071732954182842526925811713264779851083602353902005749153744740679818178029868481613138550832143779054725230060301679074445322329203786594952522566
1 9782070531168872990359582235419147176116029679269968718524379272490993200762080872765304932017040399156885819602287086024766902724634999975424855500694709366451937784360785792404175140022852178026345559184942573696203843183518891510586451848380135869139284171500722406784531987784024665375062562821243523105173442925947562200465181582933511457866449507624058299573249637129150457536678127538346920784139687205150489604144207636938606570601235470657878151389175970364115872864060184074627973832952993995797596823650986196086840210995795686892470578429508775707477331961561604638131473661992240921761634847761048026261895811409516201803421099065221515338281848953733872005535095962159780451435392974337257059267594372736055675105283492248927424616883304074147805539426127072269430054479359969774342646086143721271516975702335205934063711526092887055216770557434006940591712112677810294223602933549890585835546
3 3382921565135428711656992050979865589363012143235496921886440491037758431947930415820713475224490238214241365320255921779496378591250464184590486960742074254133007745787845160760616558732644219677664303553875282002659102278751990583439396234356168740766472852919715600777759604934079702503319479655105052877065497254455302451671621040038387663
1 854303286265919888222115186006061213326250027158599720035170687229191099386530412072417699925830443062823751861545422431990667968653937807171403407541321281832660838500528107804306555644930502880666065511404717160470941591178908710349906230815304332771512650784359856661568622147596084897588509807523069362699704515132246673069833686234412190489842504754546507721089841058258858198803518994937343168480899328373590649785777468572611468371687072421996
0 63284423841413210775314542392500016791957623074876795542500008648527144067405192188226399300579086677854120271044871352256534060307387896447438160347598870644616048863049890509634413348604343502302143696075345927970694676338532791100310960351521794296718551196435358395162464486934102499629315502346981452713048464544981320184416517717471417884648107986258652140063444461989658376843599870186423357849710958480073992546655765289069323142590428317442279034125119289639268360953007397606752562986356650968689725364353783722907475569950439589082263466837738683186277991340127810662685876834322989035364123457010391568181743302827
1 63284423841413210775314542392500016791957623074876795542500008648527144067405192188226399300579086677854120271044871352256534060307387896447438160347598870644616048863049890509634413348604343502302143696075345927970694676338532791100311052014249549547012792123341941743136936784957435099438003422248718187522562031180368510716933809613560434177524936294618171225496222038747743865789041580534074634487483722668576050709606584363728073438722498590259286215657767202443838968930290067966994177616107037476856974388794691459445927536097004007828632148693011785744906706647745214008792765532208963896973763030091660137931865691305
0 7130620049105602835443815919476834313384364476900771160688080713627627480557779358454610071915185909757101766378177602998119293314620649051006223530590360078417088763812998373828664252684432811626545552967527827131302613901583101278423565370341733520782486983238577793803332734852695260400819169227994
1 7130620049105602835443815919476834313384364476900771160688080713627627480557779358512048054253569426379758178432514271995998512602966161158593719663846386065769040879624356527301279801046155439265567122597966751554598167721058324734778687115134782802435222619530187745865929068454390928700472304589412
3 184821596
0 166203242535682213197003328422992305888085846844662222111547466708196394166351908154563955930379343949573386083805279043156470846204203081090654368427455268513558855637976399605947693766287150398948056300240086253324186089956739774488873594901748019432319089988335543970841123197428427565123228653032681030348415740202549545230239601721685042472415766775830838599315798060145401741395887041412118635871643640953355472842366008544980358040024638615669843798889797437574968009133102251400529190078315290492548721086039250715259515239240489955080687759428491356405
2 163822861120421761369073112776708584697269286674393778427232168380225706805192313824114092050948607579
2 35540045841854088783604813133584974712676298817116659137892364038526962845435994033138668298007519396272540921127020803066967934237064911740280590294315209524302245953890554511180426285807045173306609308761633262284983220759335145588785115554526876
1 967680484354663880635072052300986871294747680764531579386729544047865527245604042272903916890895877216493672561444406536153935084584190869166750682631391154337619527423208816615510732521749397926696135277056401481360830089859418762681233757132263518116417424510595490479019509229296872901719258784747429469737622462604242826439315882742642190944522508688560372531917135778839678313694174214105614891473238601629643964494647304818191970359640896220985279680564907751846818067494899845133820985685486140169279137897032907320928408832524634643926777132379325260662468411349769838145129081961788803487023025802692779490559429847344715572214613454442820059540604033775769413030420706938778052608975650928941860098441385875951276875975863354597343617365661548290524203272638747656805579845646702947432699838240648863833073914652493760267347191808078329036934460752321713872263881653961492099802276748903222838145466
0 5144191536492045764669581433839706137562763914711219189866419462723706595590457318347695644264577990790553341892768730742099348956817124952053710477909765947890241995542692422556479023828742204608833821311337557516051829324204997208322381916597429822000909153266046763616932496986981113944115231803442972540431652515575761717851622144171665303957531425760784285191112531786748460031238223240365187342979196753270189713951611099992175987493942180150016134917469953364487535518037891340798430360212767311
1 5144191536492045764669581433839706137562763914711219189866419462723706595590457318347695644264577990790552782493103523800951192447967219980106941859007090557522280809473761558504337702661384078545344557329566786958499345919208449057926461375465505300898774811243885918018625061902485351900328040211399613272492206100572187333250302857852677622203000190968887909680181918528728413796512260356067944139641364223195375932493779341606448326175586636622678183315487272325360646978023513072238495454723967795
2 254080652660641664527695485768446489971597090179259705322151441432372710849758955846982522115875121252423557881456837576467534400061668519400619764253427791979997219030800552797083877234316380326754552798496491725738644089442028640658454640387106923044577191654101541520652696369361368014231148127100900983645791834547924184307115123144517169029630982815983038349884138898320742899259015272247013110987444233674362262695800273062500520433713463595047960878302145324154779095870176288182019
0 7172358440916071974330933543910760953523925602982993350876942599282130340354042598006671455661950164478850511212546912562751076168965638789745624702155753297605528778318657772455610091902223129939085559405887411744867883555212597339951318947412648845410481352173607779852017335304072815926135856897406103153219562832847498189962045074827582840853940451712716509123927897122676081906803771499640696892079993801975655152204604096487296405487457373777273156782844093363451248357636610845748912093892754121652958537541852682166511622897862051661197745693472854379541226542299197509578691681595008686570785046944295579974824095043026536798797522022882351134668069207951050689181629868259144519179145610175848805502656917483182367334755947252845134512578892935977890085880437076450421990241228823645902315518997891265254753594039078298435372309611302983481130388767871606322851798094182174416333536362818616137529450639
1 7172358440916071974330933544052900784676577279413154921369284694939161454820258544201905270935301358950146283996769060789030129087034546404191087762505510722291845809230387237017262321812504499717540733588358394967934334203781044285621948910449746960193912068121970780631965974546711732288014315584292475155322329483330171335374682255823540805994736625703173889535144310678303557286809007464823201243349208355960685261593929428332964070540440563388910539065849077273154677506984725232105927067122039297247511000629626698788025091571248976190532551283294989908239717263794387436361315245948574124128616365215937860508666377318018668571598689801612589634553971445409874661892447790759629807656694967112330215089428012632432962580776667861448927253269619442058683970470394339821710224315737030530351808592996162502294470642355950014617764623941461993631386313771550616072498726252316439008055539261705984793937808610
1 29226280299111498619536642258382746717528399968157392506337046215134674646391951653408054681092690201855147792723273947142253730008854833950299357351397381107472007684159926966425920714494358194415307588331906547608391415841247226526783313952697498134211346731693070467446470075964736725715714480452237221240020797381964469487688295580307723204059366485337669147692582588661831784193616986285636239025181179466600393304873865684712235855705468178517160899739690175012997317183810499610706207212726644447886533975571647086005737426543441175627284972305854717105786557810186656292177684250827792193504583536030817156302062147466549964947784745180331236727852096433656275310654982833517380600907699602680905277812714
3 6522921809050367351399503478875241413759655569790585636419491577076374275519337586477428114993710995013087688857545485462246681883720182738589029483665842241476366367895619496106336816914480662141648758588297408797662924689578155024827121002815169437014024612076187350838093318757
2 1141810771552677718526497479469473469578825051358335476219666247914289131052635628865053776557001185528310572912933503241468590313223861467376548324042253190642650723570420908600405776078143906599090475854058979545601067929726193393325938085151672849732761184972029926736805562273597192268687804741066097638272707431521066108395055213046086494775192637099255747640953243802887341174896426645219009195561375486162467372944560176436290772125490410406615877308536840131286074470033211604140482828547656041174195602480646488577569094359885267875152678245883141873598772113380762985610806119384784232884497662097556455223174579676464492465928081977858548611270950872090980525212687104979541572371545893092975158012686214
3 127435598693270633149379122442710052317632558190725052543993
1 3952714003016406329344244519095629413840107270243741094982965677974137405477852226354541574035109910165901444615968963431957611347850718198126558867192952075725313112624874369213767673510527071167969319051412560264186657770581238760410666448797537874080018092346775131454940035467474366508967850701246627089517034794224116635881535599851287954731270541579562561015266900950472943549357080819233861233777635088935356499176986509414743173397788752151281895427796835934261623522456911757141953871511556693887414381032078330464469146211852248189481219236262255791504197424258000893971487600292790140493986718946735646167987170102133815317391572293641262929991792847186355981468474884936457729224651478092211053176383120949015374790161639823796620
0 6953429105649219121422298082390232810602545758602648003061198695445832986655547154428602716335315754648959734544246532759081343234954650107178181305322570911759098485613702722718124722419033331883847990478652944960315680303228008360010588674651233021351496991753774761214932909605021649353640597744640406835603006564869859589861104845036716587712690751870299857356571942816230764600276814288881298423221170239863786457676919829834226949790145218061988574214077190958541684764354796084715989731130655886590226588628378700237974723030474850678785856685539129847761089829577154228968388348688870434327497603297335537972382832301188336003880303094134594199715242363162702851371001580068035277624397431963162851502908366615869335392988226509198919691807941155527328
3 23254195569405159898344564208738159673064108389210108206912012879452957270529158093346780503079984264105099395335782125827483589202557783906994216973860224290217971316126158626547209592756781890520156446127194962387926586306896485902899689289874604931317776961246654740301135846432131544462820340239062320663289775557928724749251802406983016043527779083742977940350302110565187126997982413789229390620486746494507023136109557716598997517171540511239796508138427534586406386276329619009879
1 299018260377823388789117082119310272669975997058755093340808129987270241096868962476104468016751982872229635729340458979774881656161936650126240116497116799184577538420304611750432979129352886887929509963628561904428525793368077052326025654141865645913825702376795291768351
2 91724104821320787139516590996742557877387978838901566777934578780129972337410676007346139012512756305541647351193507884731134512830092413374374220406648628703184246241517771825136092018463843407979578099430288880618182342739602293949217801614005723953215471143019112486576526857610478384719743456678951472605904932079872179334954764966967151390863376966613443285297772523243188975782100189841586400110091354326909383842945769721373919855109167954624577066144465424379751792424815936597276626082
1 7234282979807136604317990877566806228897304297852709269251463752955815374133021644721540870414900357351591125515031899318491406811477597075993623510667198432082742849985560954700906463931898504435570323204906602101391709617726328680813011795326770666495346677737348960839091657225536323038939949030905290898007358768147967667634339172871753693669673168031056089105804561541920140740047820309135626569474963274710029819842564340662812652594574616658523453171174673687022982101531499543356065158067857236716854173205753628041988320015234941595120907544073854043192386048157729327929170061054337989038291936
3 314348780866338103237130986922183384381878692182284868072328046200496699807087450527791232715972316221337100677944714509660011245865977309388846848141721898266075240153244243472383364080637955562481466559070980866956091163659775335869112475280409068590616789732248512035556414044058351816306781408111965145411079457845686918956774027207366589720095202472474
2 10454426419119296807941243064515124759928699598370710785711923549834683432050474906376111390030659582732326151837837115919610791123074870019989592802754738997619530788849761628557170970008691282395936591650849670070549109741389844579885629047152845779577571252238851770326539342974003333959049974149430547798082465582714991484894724431439721047644534012687847173317161355143708900115399356848467490905906951527711664437514879538233514992058350746626396720389946084806327885553853899118779200024389652171803835700500940546500173674726553040293626776916964651791104640912137156002594401051369280676874270912665036425157440188191415627111192186263863156101773702206208881795540009521096758085428446205645074650077612163976182775033251245209108308453070660419355
1 73503880841225094562794158781458271028013072174158961365977687656338152821031242319448684700335533370800829955798615584417320628412564867375356723003336116587572048794576980348789426848791774412233324948579090882363003497891526767072261521113849714684948101985615487915848752557220325771520172051470120720209964686158912758362779872681974862542490870790440150366646152585735123339014267709320116933773013790027381033668721579748368685916941991992906901760797238040361139210461393868074002890619815906306212726037257602585018930789173397820524292049673824449539090782674466711697812199458432563482496020913703794109813224030939439435574615565221036838905130164694579111389655406942213841210140501235523558956507194306244086558487671145362476556330896655648910434462701119156819511701136837383046904467750557395079755953202817269385416169129972151846611755006343800771
2 3144748860660509495060049269752859725464250537150958494430859830759835181989111181715451402853434102936797588748278364858543673829565552086590654872988790692206999692467227159842711756396645167761528765899737866084356065451028371574139480915917099107634105215680969823086617746429624564054950271751939953687569115603459573649727052547881363973248670889705294927313344320616345877833180333594202084382517854828868121309488684535469807791439267054922808510940084130285995078669734255519542587452503587778195435602939997119332968333107170189545106741423371586647362807483475960918047943278253570468177241535260152206814652191031979956086523997135680
1 252623477080852717455729136339143665683717718814107748762669944582593607007392946505818041293729502038484973401456458919693018968201436073048877213158250133008925116808053233847831800193446412398224341826068451525520252690735284194082560959570806777670099925157732265665331893497235678910482902253913143851946868408304513169635606817119630127245210569324226457069284164178360580239230492339644355600368421293653832243715347398653053673476952077010277364108342604668677842790396877422240186718805739130169702307454288397065783733622276377837000002042619160505195541827932166043242512334085216202432977630915852849728945946709192907622959907661006660558397521761162804020722012456393205985523858751775175530382489137647372389226684923070733499124852428775654458033684124286709426043551243222037688301091197993895921374898929781708809894444896799438007868243636194083389501425435723696283068355985598999367041936155776919088482062546651899826275309899170277606775838722848091027719658
0 769947576544261313664436568758982391539426746933946355797631142023146243050135801534617059820773600012608652821891385045579129211935933081175781544350737442229076324513422647694032121459982813559164600350314835165829464903591092763650535711068107013815684535922339106306610647382630122266809452987309246444716717741034069981074190194034700218889027997897810476558732381261698743321985780971695223120769867430219048404329726563230191869515566344352047866440259116653917151
0 732385332822285732005523828581731384210859367542586691740133360704010946731954277658773787000730150686201519434117551506009914277761224037447793481925807422478734378951880394027387881017460402341611181624295162662726190576886586039602706211630269675848407723602061892933299669264847601630867659444838980143400221761210551416140899875942429938882592115322923285558110865563642356786079871004732751581042298359877510711393778301239379008384756676762748707299122594250525506308436982443033422442361863785728015472410635550651863152785221160027582258929842547344320910939833608968258951555713746067092381024650137690720958499913361622761125644468941200881605783790459994694207192615849575341589273703037796971587951683625988360447316110903026529399250973628851140590963582381672062661096992447185055403490048530042280860378983733811879092429339756
3 8236187451736885247849637811976673236061649979932513558551896884923437510383565159231920024606405574613546073563545336214391275065446656272208831817691501442905161765067345898930679212189916790456072772850706726899049363754670417852744222570961479481973492724719464478258842689405055333637710247964170970941431681202610171
3 10571661762299719332098989683235662915528597877481912748163800056717214834428182627076485490088334643655404374369085268375849004411500862141727683248806780432462656721120173196445136763312784913384690614427766811190845702653353656999144908213007531160864142080476833776724796290455171543884798555074271653237544222569257836911703097715247082863921128578521927461723766496311469644110582373928515022157
1 8411436222433669294649363091833483156446421938371549787028942582188621114248032445189838203822577756037153911797253544234
0 1144359661660798480687477012914661748077861566574831637127780091935971455777174959907211340846895163895829954776163636951140324451388838787932306304154234255658301781970612042583933019588932577817790918971322329540512944331453631647381083090443538053488452270381602098328218063424966093937491225139944666305597126511846429585985294833208057380673519681764405167905317769859835649732767600525267118786003235597469681083894519765176118764543044959384122328412299081488220789271795938291285007904063047130982116363880833950682689294903463285260294784434719353582867116591863425962437124701558401823772727832459280974003271101701011087
0 356263114861564580747318092013262024949941279237378103021963317917027312872384323109751947669142681911010015414925909959360381876589008531993507881875392975330929031179566113159011105828302123413517583280551950839081715198732014621043174778424591124800650238181010460969509231172221173242466907077790958503657436045987528154297679418361036165558833119141825613082314583211131713212004843020424539530054268006784221975924385870671620550158191416713040226687380240867238573564335931119326293342825084981878212654554164891280880908855275978816376284291900123299163012778018985921379824624692114252609489566535899417927504229869727995108980960669137466308275743610271080433721236325353917498938721177884699993632144320083788194698618122875
3 7230810419138667139701340532819141649325086334601710611468875121900094269725644838563039280494904963519
2 7261582495475661135508244216104092886941546235919612760092897432225390149578910755978385598374922333460928310125721138449122300433536331827409495233640101786336233890742574254439670461426471455102782867974087253828348198255532259242030033134841348944841783538260744688048297419610521893
1 357779259682283200936026305459581454045782964380183749152279868821809120848760200438840716162263118942212206189524381443311397746390834912346336058973608483571113023083084900882688115458100343273295410228550611997717427009817629450054469966909229273702101411918018594445896083081173007121421888078840085092865654976524989220546831097770931930105030240226440764419344415883078866723459691793416844414525630021339220553352317012783725347981356381343184440874075056201286908047569641026190751863922255138723373698565864413524579479682870271894925032003424996575653598303143314058699684601458999831203516224456309285880048496437062981332018006468814738002283497197692667913777793225015406716680706900753362546921187332018692832132688492611854549062482723308720260583995891182010203162667695457430600031200972478729539750674713116623091590305409219618116718775226440626294496168204938100591383220084046534597153863170491156
3 973725910366320870248450700424264529157934916419199422351233595537820350752325868527075988409786429882891311790121487121424890665610521854987066731009193110084716866508043649999041692006547642642936635423544312724576144195822034896693666693042071597509905939247752756480486153542825932869709430505615309826068
1 979012238100096517346993800235267855474593054002204178544471992455161749894971824504600587122054206751660391277237655172361117078144795088599785187230234112300485997204682570821291475666
0 50281120862879293233721197319295303133112006981860960758983473251768569167621722884213095616095583367127619200430420173398800159991007234284051008637544283740150365466443656278258031274172
0 769399563220113927550677638272575855850269720780156497371227507128689484964410407575443980042169244740571549675975419020701420557553302791663315078115057620695565444014734308409807889849557313909845222425123598323953769089380824004470441362207656892673186665246946619269927558328102987467951834705523831999936781195809248544880921161286436575640911545377741862308226992899533597619039930638525064383285322398507353202307
2 344776775230993700569941561967977192043673971665586336814283214916746421940760233478387657826621985528670111236435971320038905910418627769538136174919144740411217882
1 265271100271165947398617104573849386926273994683304653845145984731061381310956627431299970914905983987759221761763697505414809144618204013119169887819843831744630438548178402911156125332324876759383616238899153010501659125696741686106911881779590194781520991454187299040076036833569996704803268449338475896023667363254938429747449142829785678129578583281065434842484563058762971287417292948459843087162704390490163576745840135529076036237937152187145110785957389165658262331751206732180834542276801377664956745682668673331060230507944509338478655097818472117741816882982321742418699501
2 129924559893052012458842371997098292794085836732636138971254255056479985612220505571426017704025026169552454529059554499977958341468882168105109259041069
1 95033870141493227006963644396892095608720439892975112881890162936008716680055862671135523922919796554520169679628269066119595722133973237189322278554624779798876554386297216506772420737205328505746799692676120893353586168950332703426578955385689984484404041947272815218266618266816681565358444565192269927462764338875281183905565538029834465699695011021397892357919803367484791671373145575112562216947519245609820748967523129858218351103429546944169992278502707306
0 49777868710194593403529428830800879189288882928518337134400475347700042886440548509858292953818679667928048116922336018313030
0 35565870472385219617874914776339172892694031918903431866532653807442682136735829171394243703337838789953820348860963624373797420048932395031435341242510146893801424582076772249058955224278843700210619670889355268489349160502989298331242731599331632085902207397491570126236710953366079308853691410383251001357103002821674727906492457539500210202
1 35565870472385219617874914776339172892694031918903431866532653807442682136735829171388602370580556974656282836508556285930263976697115572206384036850410582331686953258686144021966482192831939697873299128366366140726578837568179682048253714518359115460607386802497372122250210140115654694343545689938756641499694427774137051670939511083122966927
0 5412672408746416717130629688202523636994061720892679372004655844521872567175852717492199804776890579270213461385527884436933161822378335414855151749110824095482721055959125104222177312305109109141905472978777209026879136700153980353146786800318888355376189012650983585861882533826921057852763429336891095058273373126526070450184792588818761106498724812475496566484994405622183122860674828942382892563522952411020974745286761333994227861700151740126069794359041768516438453310007383556398606872103987113947302648611713642055014661771235830960574467187056778674457964220049231245701916997764896648964830504044730046806407572416293693757195773986807670670903206940914846466229411434029449313838607533486579802427923035544119917073991153940952461016034706468137585510241224587991814783386029679
1 5412672408746416717130629688202523636994061720892679372004655844521872567175852717492199804776890579270213461385527884436933160844697913740490045096928857703010828734364221951150831156339929004695965439256272522202688775113520886697980186342905631882669340091570735038435188226040049952328519984742445325790469898480524926931340810561162834958801223228671336668638810252911616967922044178672507232152216710842033439538680826496355903800161394129088340892612021517151197313302796153893558778395253872610839167750801648375112912115065787165740441411855704744178192545048822091815115503644469318472382954491312185782184055554489022380390365012081272466172680917466056989570855594942329362848767887464265927611507174067430841078499577531648825191016853429270835137615619205763516611356099042039
3 2067114920112605909838008290891630458080031385442728262779784910521486504802598385870378814088153532560787293129254345124021826594618100789581993512619576263336320376840179733868238009651863317286042346141910128021608316311664100637836198704386631339222
2 61314242610680390737757583922663327992672983779829
0 404542597570632898721606512897493953765685646000137638196114302470608833509541889206721519963521396577443894482484301996067521123788665380036111283162487129018391758597907332454977057339605761031091139279823623102507163902860107130030224335579352347833183962269686929390444262435712361986719314474753844196243732283965400030160028849069429847879319228516080481952097704442507641181903360019457622916561108197767019596866091380553078961065087299354750598253950332271582941295508042859467034200234782622604642388722798569840082590325312994394962722387637547648252387454459585071090163222440460856172263245425876144762583778486290533745895624777896268671718847440591343751217313907397095256645788496186915513646047135118417765437721827266764887950230610043002963503729286596273142819420965901
3 815354632449424452311703857254553441832276918835955890403155362007264936238560454283119367895003507378208654305576903144426477611332938940633152682514036594508936082795138571677493778708159454179097526277341154783597429597408130308710250166448589207991276963627328995541501735369370279239192566900424301946213391472745040506479557148958519609900436445860117846166850323746376004311908110621250248667585535
3 9438273197440660525077052283884537881881303074327320062965211113537059389593684817599094324820225121123557619868902695445859262611877645495611622931070057003099911594239106800916613311650256064344849990463045042189110493874141956554813669019647848979108876542320609033076949755147906765422232211392521344111501653620463474109416743268112837393241877715511491110714309443
2 713904387658943159086874464543144942893711895945341257869944231471538933912261947309212118056478075774095945317035340510263105615654256991674395029820310265079536178200946092112886858778299306562900098128518615680913728763982636441359938024494699187762443873476068680641117002908537863843115515542562274861233154948817288672456852071684730945214485806896292261664039269391235279084807571229260718470154594324086987552802979307660880131673076532809866075794757103532334860230966107464030476108474984775595437873980507029654378182374929913113421757187033249241599653084353294282122104900461354727476983662404920222998246403187309404659882337377670106761572966912981037698219267750864383416095472381193453884098815619536988935021203397636928652893001899965440998121718187804379710748594788799458541639719376599242758880943320990525290510999652269438396631015445060347123
3 123005114226915503206774578295113839427800624360343016677762627075453438655043563757952530962212504412486284946345623649756550344853460155244619125767033414951557986232822399508228695405482591974952897688500575895361217187895589799545323132876849982335094260372466628974753243359713123104746332871185584782967401907345460996628379945678951145418024786923713466273164174587840015000894834653867914964026096410491501204347603482805378306941488298226498629785355697271742819906473852619713714398646120547789759825570272893344121092221
3 73491347711928184192321116764436849161585993049485053486357988379212
2 749295588219932822566548564883156084001593821476178176754204866175331865061540255087177989558770699739666599274970319629880887645939392650728793430652770429865951564692275060122348522889632321972547869661872522661718410595083217973426322903974509030009050333985873148486354309
1 3110700664525242353958603550564186707761421889124337180366301109842294294907597649561649241339946177066814691401153701908485783812029657931601587540826297927252956499721369825904915169072064907938901244406297939143440900890732539388597571710238027404038541651490815349683459837299086527531698180822800548719852664458242845999230972491742691792597223780867092253442489700762065842107877020647371069515438703302354222842796790774095324786675974755226417521464430289661627792905921382017393129307787735604700225342736640193187332738325291129903828285903278208935
3 118610136801079898883507497511480080306255113174426816444696607648393667353766406182782
1 48066363190382539130967497739423345463429861262910383656406417898808503534124512343910529478333750271957929056213009508038679066740664353947483590173375322870920699632688105428110031941761884105154952728410260448823995288465499377150022259096026983372923164256831882995759818088684377812768176573724993215669991345588547757440417369430831221899459935092953608679320148110008685353288136716158202094923403038045001194231309375389290014248929488062235662411802019704477
0 299419764856316318640435072580803131640816963084719087752689608958710091447193553357954007011284315404058187934722365168972515702285072389150774296204247992912692882172103730706262627690886468162580905112083848082270079978855448143539303350104305232736296516975814493406935284605816998955906999331917055752441185552231217205286944571096803937922020323735597027055318501529005429267287292125341623521116495100738056439672871690663817795844040604793779316164970668402707822842878291144147602107586002280251602593
3 511466264446430890717397769208443412229182214356073531576517846654700746418757820193659172437207826720074612744441107984087878260786443936661478005086368179046532804025
0 5391679325050581372729294909219561755457925053698372898913434621817657623922649680834975001519197448411031390757530420051148992963446488125621740205890842458897454302972922336866594724490060712885769124954698409292909854559184288357975914175643180816512354493486192905966021496663352504717670192540690056079323216680709479232509056372893127892530163376701971521199911694929984231598967157714926829750152055329042622363641053040766275000332480455080442264688338735839141004616313527043586107813031021864226268092115301933557825543144202382606373827845134765325477800018139143103797952802282461267423828732380799026451174347448743032057350304843541734275755164344305902599452786410180609285875395080502308987458054902308538787467196841025695465990396465213186680699559996185813291873184511669267819957301692596613438402
1 5391679325050581372729294909219561755457925053698372898913434621817657623922649680834975001519197448411031390757530420051148992963446488125621740205890842458897454302972922336866594724490060712885769124954698409292909854559184288357975914175643180816512354493486192905966021496663352504717670192540690056079323216680709479232509056372893127892530163376701971521199911694929984231598967157714926829750152055329042622363641053040766275000332480455080442264688338735839141004616898941538480279766170739362833828471151170802650116106166003402833171464859032755156863474790814199632285326834827309634277923643608512202517076785838982108272239772624932917896734478831309173099028811632917370292537735527512839593173604116466668428706256959119578544981413505135710038399301271752710534439355758552154720418783493834765035314
0 547233528677353873764810077831449265373362555786293777871736625432012443977906410143146632113258340485395427809443110994210760292403843369309526902074866262117496571914170461074514225342560129717103459802000367504891154515559575997006963334419055681083844312995934427691604606930042525056837649049320878770400979823173167692938540885688611881569728493212420300282458632
0 3509208330134211714868480858519877536674054474972806341019982419289488162045569411354367902912150123317254523259402639939048025402960344794589566048750087885306052563009481998893159811667891125439874535138878831673831956296457922504537756725376599529013296218804431130316890371931458212092657747359708987840663664902114397153400344377133264867957960718647135301903803647313369512451425069171090170494507638699668763541354199818821250879113031667200957906075884853590703810500057767465058665244462382380860707597183447541909746430810389813485042339924287063890720845419265932772899645128594907202091609071183634953490840264371137987441677772289345054464900243183349209595598527858029866522882160517686811133842607164672262675038082377142557064332572
3 7567676691716783410898461303620359611432838077979149243516770603803804179510240298682810151635669655701496344531343513818169897532976392562812244086615594945242719942959399140720240585061895109330355090563974578956746252574547502581355392905947737872388108122099280471670313012418310551440697480026110622026422465213774942406493249062448725108493487392886476509043063126803033215467196245208963638757382633602859576869285424307594011952
0 8823430619880876574034502264024987457992239578610428653045527248464660125034452158987086420587144702062786784239505875885425104358892328171865739989015515515653177109241939362288320567073483828705426777370586959505951679046622176551342162692945920724837986398531454689453880382997736318527957384956127981651491419701299300086571610839073514295215245564451414123750491991629669671883140029581007899384501735544646048045439820026560537646219603638124985583807157813945835575369822590215658156350053922799497142242464993692717507464230798853962106713007829169536334614930747926393425545429955411611634410799863544112569784160336849217651104625214901170254532998840680498153980028430764436128784662737724402331825933771067908992939216506938167125509407242427476189282334176141234610857522072427193044221928951261002146361952080682442315309431090247035568122756245559552562446920814792684836345300372152368534238481158551546942848
2 9357040191440940638806449954383141349541475979615127485
3 1543884504729
1 53476276679846648146639913828503312102634822968329390633049271095972097374032320284933247765501502640805318360181326773074841176122399208633204319040903337178850720291882539534814961897855130747096914542805069974160669006836998210385763836724547437718457346764109259890333264315801615133817453631956751075715209794842348146591244219340709955005311318104232577364841464719085813208814847849795096252703952603369919631975369957149381696358003040857635780418433503777330364637560711279137175897698572467030915576669065636376924521154554838414555534183959645242333846254520020401630458576288433421640680657746030442970394243222790160221257018447821027380601746807722886314587160805258550247036222269065556088720556917699837036937156678460005895472520811193501348444029818928109626542488182788308336428299853138078753655531440837356263221212962239930186592282631920705027141665258115016992188612845880978884579104444913108325515903049294568126939023743152907454220993212630
2 53562401186850076523853645383457189134529313513081146670216621986344700146168576977607309048892330644108123754792557750059764826390223748970377450796219750826788232133891769137960795059706431960680511220232728624357464274425899799435689330865502191198029765873969132427683493753144900465192628369885800574115259080923760420481825455157455564965093930599206266286719987247358838768554752283810110126275534980251730829169784948308843764341669169511335387459486173166504
3 1149220610534562301810314250323648426953476914247097799040652294297232658904451260589149998209051201474037503258816487276208
3 9890801569167902316686420205518136979505827730156909248222293766588522374529419539714462035162113417258738552369061355520786572881756463294092639670885208368552888188630779392349292782547724240522757684214457667481313599931774266623105001286827764542276179349328032319975010610249073914654350524736402080355651510918130238267190844834870386348886075651869963507158877270706196253404086758564302635470598860999927838202384910672413128844740666887678164738363722622977193866182517026500205014889135420851421241101000466300390801238420137156652737905988852213770799381898949372233234
0 104692606081151972558672526741520519835540373796471367013698956496810394361654310704809174906196369137026266733723350706765375149260982895277719075433541570337380363367191350380915023710221843672836298758110638639542588489419268412330628490261609182968332608516308912746322276186280791961236312396080822057324415121377597691346720540640338813599296856481764187330328821347092799328677075139650563843582747812922276738892919860088906922855103429885499019926159590339107630885742647693261760031266659709455658643498158820146270606419852100196221466681407645741802555989986478710693135345908602046815442961854722446306017468590859154585191832367146520871813585236549142034636390388228066019320691425520733745564331635223715572609730436080405907777114196572342385706794960479971398034035455832422788789241862368040022376986185872900505058552219187888807950735344079988724037988656752373
3 191258375626234954995840105963441628059746004656355534446441571765159678945305266604782938305570113430893736203523488696650056269243668642944549771180587090670012139017134722029936756477217045057365058544377222766609236101746228434956410329360081165599799452118842218360044257943119869113077353767472372640859818138281946790394289561455524357251284903573939563835164540192321060814387240074661384361210495954371719960475150213358995387842203669013979449877624692832478336859916466363557268310662424505654690142451069749703043371556919604646398818
2 45982881220112652003532696607229805528391446680763919187784267617769942248308851804281154341354973808614868932229306141558032858832030294164461785641731197154924295520467047285630430715381580315127140565028389819302076228065970797097579522258433468739671089127140694747058091189408126074860075828312741150611074323102458459504490577630766316376487213956826460641744450386143140425671591464542382215687402389873394542566443612389202173689048950962467028647080201193974520473262605270034333319342
1 25170493340702136062415798335861672619336129223784034245490922960882440428653832964596416282381615681645683972185054726033804282814048318521125484269891519837826482759729723111203653696578898364382559712408438983818955771079603387458062438259934135465612772589317048687432361878254311678449222610103433974752403350758134984181554347649887684941796961600018560616269404486020849296296085845014232981249132364074991627072736030363882127737199871332331872879862192888331563053432057249393953774038780440187960288489604368465767115212517323192595116169260181023153705551910202318526040593332347880402259439614288897394096697320617057411914782718970305898575393197042506901910737709625086751880054719418725771644361338604900279026833816642815906491951752302424373560145265791575251409221399757002562724769134254031216315169663379339973
2 622180332190838444009461090390426497521939540247191470358806089951337109820906901320821444101249850996488395923621750821826076389895795378381617400147938459632683568184961288435393879322276031939309362515595457841215788680507807326920372366599738394046602353093296459161583000102283142291435738503130
3 1073445558847610410584278029985267842440495724095970952328003552518001118110170465977525354554633441541381382940558247044681690376758097827302119107389008026161498959027606263976553079000392680561471659553512998555712454160297212729078435189917172303875517441374756003245753026768121087538097980531216017074582490501854871500839766772815936899397350399262564210518778648295043917568294674033165607451003811237566238776144373843560658202724175493372009887747196305238067502170979312275851089806483470489277299587153253349217218226027659740961728655813737908429432740624582874441529249071057297991654610872932332320435640785032972193953680707552549264183477078048908928
2 2399532476993183465097494763582151549480813506390056983058715126559080756958306380292729885858886433394104015380410151634543620207781205807405663171891388517372467364835919716503905660037284255476219614648333062716888089052128980262648366362685259442407117207260248577716434849484103253119775123941617185912429442176877458528916687814328618160673427884228877321
3 319744800250764731673176535556949807704018849461506202667324828468037729974891250907244037155537357672159315912594271783875336127390267
