100
0 168324920995262664377678215122971816995913692350728064
0 22115697959940087351654142592603546472203
1 428541113351911786332742172677428642
1 25868753
1 5756489779320444324668107239896730
0 56859596551585362724384082
0 23711842913763554902866687458436587493569829447093
1 11369019393882802255797819563976899538366844724193839585394748066238724742078385
0 786347890744211
0 16775488384420639
1 1106536330781693226274087435686198808
0 494263646461279334194946820620861
0 373796544124007547206906716731663
1 7
0 10560023689331301881319925
1 5490204130607864325441826382021640763351983040567164
1 15616876306028
1 452923312897900484279179
0 74939060607351525436276934143245796457199912902406676682444808229136024941859386450763
0 8
1 2176782301605141737631222905528
1 50112379788458459151788446763740267
0 299871160
1 13226482
0 464388239238346414861546985146636700336941779
1 106147766160729181919410216528125185876492839844133823367514416090
0 79164127894142887273408844336055528301035122544368432556075904055122545996473111
1 2602347125366389837893039234453865481123694126666891
1 994370138736629662719969678615395513
0 1243462054319291042102003084758972081543988001871871948663042145350173253292289307479161512147
1 118649622111074234747902
1 11852623563475922
1 19364929351947008559961474544107795059
0 10036646426020086665303482353416
1 2780340544912447979574172551052949900004536663262
0 2617251572809530654855370954286724356994881130581896824963622652466708290550366
0 11332749732098876
1 6
1 8291978833043157721381087894961908441735074
1 21688050162933167482737602998433928551827901238
0 9053296511095823340542
0 90557344430014487690926244
1 89508015592218573108690297776840335117746
0 5784844293224351804294419839081704059
1 313844817
1 107613450681030307597
0 1304126
0 5976947390
0 3399685385805477178451615886247857762566643425003167380
1 9102
1 1483967131709764346653113924985556331641702718269039912217171693010124965456
0 1087900745494274620034922852019885946573145856402630820418825149549067747241840578
1 786525015399302948085577912949242420393218894312101024750
1 21169835281003948776642630280257214
0 13449868632968622265061008473465628720281827020752160829161900698368847374807690078021
1 1600425253955811400240883628089111688355177534918715999277833042802022344868
0 72763544255
1 2232980668333411404314
0 298699
0 89741185250684574451648104731455793
1 4918953840570510556346235889602971507113
0 582701772735742880904129623915897774791119301084443186437928704003657415049750124917
1 311520276865697729218258760965
1 21140219
1 4221618473250
0 265056485594114
0 1775045692308524763240708745
1 17795091530226948437110410927623396260929592902326246703137725233003
0 5799388737766236072259015110909297228695
0 404756
1 7662880500631828450220386
0 27199463530261541566902730261471514663502152604937286882193006601
1 1574895334718368
1 5323958941504826576313754229290384588067856360
0 3
0 123247713672538130992473813526854739693838
1 31351140611683417881274820957320839991847086600241348028320192630684
0 1001867786380378478145119105257
1 15043934175483828709
0 8912106737554480034460774744274682452
0 14172610191764988634277
1 80632985967103925155471975448790645261130832669386669860663549137506463127695
0 2640406277008883025667666031687164483288
0 3130368269128327394725268490337811573842660860
1 1198611793292913130833785581742453728852823354283976
0 654857702989644130675973411108079
0 1759059895776623
1 1844363203128991979750680729863822881105997943669956964763274436806542325358253922
0 630987399183610872344941750953350923113724557901956371933163870379885494310
1 2257980044991812002
1 240407006487178561718892
0 181838737903717
0 19969777417245405012718827250054898281179159
1 35275322926357773565721699163379227235601838274091633773046187696171359653687618683
0 209778480956665589241453873526826701852136897606889026020325123
1 27160040216959905468894834461913927817953927437426133564594386705168244
0 13887054638763083305548577934948548848585938853080346735
0 19105080069903650742
1 123088744258568493319917917365639652957707271322004435966109280730579264655
0 11470935904479532884941615587727038
