100
7 6
90 -8
-241 210
-7242 -4906
14495 -92651
156342 245045
-6114241 -3284856
-66971800 -88914128
-730560042 -193071533
2296674316 -7063690865
-86006091424 61571121954
-954925313533 749921625760
3369462342967 -2602177897896
48823401444805 58212368827719
173498401011288 -426824337079922
-7441547430306755 5196697013557243
24571496845593119 -19556209645994558
891329359121265997 -404046414183640864
6831303778591222088 9633606458971875865
-11575914308010143604 33010040757843664955
-289476453700624615100 848014057310820241212
2821609335585522214231 -7573982353057317825084
-58618037146052646491263 99172855767338881494959
-654104619688648536444968 979365642772966130274268
1744027321525887327561814 8700542992860471135127721
-2431639890766382400107871 80263064429772215268173216
380555894134380272322232377 868782247834463214094510021
4539851048878948623167466140 -596826053445876416499905197
-22597578929135206006148507032 58303553419745389224266171469
-765383541614048899330685915295 790451874842952593173546469889
4633018938631555597500320729307 5462609422883447731480921236864
25763042372753257318826262743082 -86372420326118570755777408280267
-185950826908436925860003903191174 -471247864709198021115031342714490
4663895923962857430943557316282024 -5636100710030629588063743391188370
34368485696683267485223363270318924 48710141915112526639682014484794047
222425190509702316738653688022240584 735431612023089068846948563500554807
884261971827199362812553588076000301 2443274970661418208474552858828399721
61433219770865636385991140570260929491 -95081541747142019621732328942322611699
-789098420602218602815717852798657480786 -102178719812830792181529299869675480871
-1645475777651549269082181107119817976692 -7757727544732246088869307819549235312922
-21040160922995017262949635846851002082559 -54178072992166423335590609238384021750226
-715153459225813304443968272531253436306685 261467590675907337256060386578122162804558
3342249663709112002109966266516640876409171 376644962476945215071926746483926779475518
9364752199172633344047043139501008786476277 -31374844045332975740490817648354226207409589
949294581300060943264699352926814420475791227 168006618444087305946335353428106009778262103
256075332338826144469281276880233801416129902 -5786632155033811871896653941851310093791938569
-25142997463725361519727105551271873918187289677 76350238751736470266505508495343382345323099982
978254978461768787213376468558716301405171262226 -454599007706226437704721099094195419018416300934
-6191431529933506755217114934191686320532467839307 5457010635551208096056125331873181316786293872374
59000212294488549230686089310845662603800872233839 -35264090929120369332299872994862582543729071949889
-120818006230522066219178926866036778922583193503283 726905024150939457019426730981252083112677429465507
-4919484653899846496810423738873747845406747840968003 -7805389719655619478264904567414347964128786653889020
60612390578390996958690981110085862976979699603663302 -11449046478448389551672860602604097626281788315103272
-799717685703655945857224991895259198707470322279078741 986616409557611941219033499329875517865273292440419210
1008346255789043990424330667308777671360591040704769134 -2249799150046173752292981249283253438489930017537348238
-45705274414387621234702451251070384337143393644290689853 927359990417170717776335916658866813226954834108572264
692135428081951533876257449695248626846943053353360927059 450014545034035549274756037165609725288924668356634299672
-989456273871175233908391044621730651393040541937140981774 7950068427956067747925790107394422715106702023154650051248
28738406281280568388294106889114419155698755669986053404971 -42126050603827796704790358923113326051562903969008201209681
327127785149657901155330152032191362669038140718018900838267 792490053178698491580467633575758241648226487939404339757221
-5012805355014853389896918861741902675696735122860862797182204 -3727763737512783118186923388846633095313306197874926688719037
-27390743007480173258214566534635663839764363121490267470215219 89240977052853969498298974856885759058356720088633429311787483
-157605144749730078529212824712444714123327376003774290710703835 109155974322531476257485191816781582105333990907215347415260987
4629541452670504004066010710903670186338750886342484460643356023 962836863865779377836525416166538276271516574521748576810875254
17987702419203524591909158938089496397363676797091658280367561781 43985204872139094373893531807952645031757376669538938271921294809
-650576193743433690362058590049029962975030260215509489689628887414 -624444775249115971116845714211267282963763381192625003612773563702
4436465590475967477545631861335739327454089475173949348110894697997 4614557447507268870429781047828774349871925939744388158006643899130
63665233101893863712926843823515441831402554893914854602115326498652 49298548204131272431195830814577039258182454585593219868332185324427
-462351907975348224806087443997238874117184377297010852296539173896491 69795251854119527623901024942578414213988016550128020213552894323385
5341312549131259109752159693877003577681128081275713694295517593926824 2700359447648620188221763669261165900931593669934901252042743950367084
-29127776245018142880140786469275129018738262925615360253259427566307615 -76903338188397148534524703382989924474727445144818763749732489654014407
962242934046327798191573089191596945614568108830195102104232776284897268 -224702053747714643410634011595644552905151244698985445606378913388345441
-6873076267947859800588420640620484172517206897574392178498103768296318807 -6198502509294235582386468083689770211551038552409250676418620087091802602
-41582868208137401575788552026846174817200461304782649264987275633466299124 50234365727565956583080914912131761507918797694906214779505620162838482495
-156036926042356867252837398478668268048881790263230159894154081388885251648 263508065709141042519343033243929011089475366354261396787799550757729382959
3068383536100155217566655511228809805573546046710845651751713196137221467098 -983696406774228260311351854326891651564498981789916609047681124769544301860
-46386861530494310165088923958742449892538397512577108115591117214783053361418 97445562921908621862591583032991333175657411603842521725270704872162967540106
754113507318640100740024914126973969520174157598199852776480758682236490549410 551302108753027400902551072992787294168206195098055543044137675737438635553242
7195518568792176960416863361946762306480090099418721896530484080121391868367790 3747742115648365983491084554426211994329118575881913372827172916355179303914575
-53520649436958989307878966905160592620501688978430920084435263762195844814187051 32705755214123126008723937846840156715512887837764089190708697440390293180420242
-902221425705010061767983507842032695378621520182340517322388600545728333671876336 -158423777214639539816215725072970910850209559178027473995440497964170902351662265
2039550966925116041639828780423340208381674416886416888634268418567345283938814111 -4690758687289169770414786433334431915009063356157907177620722554931395503316586526
77316928369075309436714724243118630169605046579388779046353797226000287403030314805 70795944625765372375208813257932894197203710519366501392582191855363877671225671270
777241205207716867968861213195837418242216389461278818320849117279211749452204735568 -873596589047171674050289062738472004949550845526199490800488061755898307427105583264
-7703747700625386837837432643121631842185757289277068475098502939657722355284113884595 2435544840192856431815348477739801739673789782479044150477620600381084118340869674633
-31908310095113154153049729157280847815759195234380186539184673764794103051559237570145 -41112649936950212320634928850514051835270151714871003575187370652524289395185103242358
-350655949735660985470738238812423777558451820391601777605290338575644454023539049573456 -707381593501579092499824175367708540279595339779397304265588258999432224512326772476884
3310254048355049265018469610775991832282703898160633559109156253955674437802455741356253 9099767821534916162339111388217511511305441087379073495313906612084152926246673765545362
98504962535416404873395836564401263379702392647766199778718710894313043614500533166554758 -48175818632557945451567496272922550356381831579389647059667601447535537667799495213192487
-155658909314157801506023381484721811061617446826587296760792293722543913833901017879230914 -257075477800988379264162867511016130137173397362154272680467398118382180914228482012911437
-7038500333946656338888861983249928179326557134197840142746947401600652450410579070772684709 -3229055337702266735696738122654320443200346958727903993219403362160604541056486692660703711
47479096272166463685607351478810206816467336076534603527965778209327955886945776582785103458 -55576118895564509640404186811424926082631316229166313496376312999808768777669816338575590092
-695428898082480522332164088268129677800793802871414506171749557459180009155183212043517794276 -495508229187833544681199276240365769370959345897378468521329396734317523064960616872159548113
-1602443495987015343355350418710072040664206870349989793368203976832621759175804699313373103560 5882873951548807958619269582457304846378828593870071699379327985646220119250983822997223430199
-39721289581285610236327307929854975261830222799069494442549413649310403900815039624744223064367 -6222827114987292981774472571169259487334656145132280597979932187984152427767475403887000959669
601601516667060462391857566707798913731311812261071443416871071603530092736712978487806297780485 -871639471010596410570289008383436917956434743943914042472313729783901860074639270649463406502835
4901758662602874141215452415979909385104824416714471900387869424453666594037929134873486400927132 5276172433751342969991762921280738763644800377782473636728103652237042878000229711246291654158887
212408717917651062820173890306783084921932972596207743668138877757724241741185794400350297705051 -62721935601967780404385913927923528065206548446968980134511308779294989752018611611301759729836331
-440966877420345523971126811250890268931305041617607589332972375697466715999158636369192472333413814 -441835920263280727137643043960662070989427577534166773077097978266852617186411718747545565736526196
5994309379963063672910644626592973611349822213449666046993681984465174249344556115603193021313984231 -8059840316022799659336107605530294202878320370849962603023354757252180214993615453592913862644854134
