100
96 1
810 1
9998 89
31315 34
71891 747
6466288 94
39082975 2000
421590122 7796
6857126551 13703
59187654913 47628
64643848374 155152
7079732719144 805849
59660614888813 1434200
3218293753492 7087171
5208896993184240 29571185
77095164803528373 49012453
77791512562771867 933269110
6291122676822677902 57546847
53983041482189295449 7068471583
307082066439388923767 6164465031
149992170483586756128 12656039387
26268195290632647548961 38268413806
342092977854466011236779 66103093084
9293777847708118514727541 548414840016
88092118831448143341302190 3644220258962
48742421675194186367576200 2049680105810
9357094113664605045326243866 78557423246706
59198796270447792670397888554 33168135686122
579073419416112740078031830979 245160871545123
286078341116367191270863164244 131459315710512
55389859603186854153370756571815 391736683894942
556438208157827695954428352401821 7592749581179965
5763392235531430516693126816234511 63509299729709629
2452230612489307850952126689592706 33498246055225753
791216106881612344828104075243912355 55964688236290131
6160661172440983893017172734955948542 15790802330298412
39540395442099508139198621444823193742 6828467913395541090
79052224068664424648464186700987518238 5670924989638382776
482615973997779189953874968169772528141 39057622426811408581
60280704897159473170456779114476884078513 89926229852469030674
103486525204218092559810345545856632688906 458455640294746769181
7061161936113021140462995243725423505066588 946400491092470439075
90442618613205847465087623847493750163419529 2298805244749853578568
629997613760210401310976516641118309193613529 4872201168637347788612
6355463733216110477914968197940555405251926664 69643104230443584670376
69551628184675579447138094854438832533311847179 15959390388522779513816
706561572732884895180389986553390638303537669423 408173758174752392351560
9421928768799562528855329531237595923161347466738 361536765018750402935631
87255609493978150083376129299576275405201042769234 7189163754285314881974625
429189018380481292368724761528188337039950707798326 6762540037067551220884482
6243472082407705611289086683551086511091840376565344 2873787353938627692606008
77897980019241225450314025915448942597063303717533777 86587137242091217145590105
987977272609521225878863414111338366938179813497734992 585629340979063517153802495
1638421643278387165435796634767902456909516509682498072 323457003961695868126165504
29012255014086190669591322540439454973331634215565719022 8227195050773437849825091234
539179441237277237279526441206037009517724198033065756390 2377356094450700553801864789
8130607919750705835522331456188301104154696996013882334296 59219565143119543133022067697
3526033534010441358173516444462385102708122324260622799132 34012095603628385322279933427
274235735762195075132078428447092775397599865813159806370371 722680306353568827536182132316
3603068126248282018119367096046052941394403947669099055021679 973862730098390900762513871733
20394772505743016198014902858851284454983332302546759923713877 2191962881847997246309030647432
555470588070693985670007137462339011173378238911918452821785388 1563508668570958985616650100147
6548082777912320751044635420282469778980287532515706021634315325 8325567759917378908971145299686
42759120288304907203883727383632139437573267728161433946798029912 6199889925016556130392469779105
153706348034948614816687341392427487285177030984005399840660040673 612790990335635228273199989392447
639704484655636305137915267959525008401094319752374371565863388900 718377849018443723970061413831190
62539284221929276443297209835267126778628747512051302479559524227636 9300552136158539562563448940706095
641599658274036757928050390118367811127631076157283344618912679304445 9059665371601867381475418460168710
2686721390565341887753999222843719433254494076273543122186949272499680 39031297266236096164372228713987544
51047031532104629864917619741623878823735541382797868449893049324369868 39959727595305133920493014680985798
835881603497398792094654345999178110757636813942630008669806579764487388 372866235981316271946409627489598586
2428539802068428765261163876226321735070325696954442453056037123283846643 19361770880679030113646528698064634
76449702223265774091969400524584956811625523649093169064510359222775092073 3157947787427865435198678154520313503
372793310361403865117243848555902045041092958047708833111342352581265558065 382210617783038080371852269782368250
1886252077965510645626491735887493701055439694496338596443386749658928487467 35047561940216455172602348204151506836
65994890542279055354573056718827980621888301271352555994664359557479573628904 50413720967140571764110041872376368913
232848856129085309978243511622089687490293650269824310577386396199921885273613 594686793408410209305514044095221831358
9522809837843618137229019376078328258987087616188645707450542277687280585697379 502426737493366616852365752117181988792
38971127612400532015544648487046226301510759881864551935108457835740288787205307 8653464959068166736163832205558413926332
216646910518335996870026791686115370050635551708704561861451698183887936001238914 7355574881151064721550039435557066184277
5658512968131396091814282407627566068859694771660132858482239713042228105074018425 78351646672291506433254363038840273011645
19554410805884209116053477596436634367680151424803754835494729784053997944089412907 85531707151618083445356158084661555740477
375795306688443312154122546931195792053932932024550929154117530151039587914048012661 130385265572463242197847787703767865104201
1103731574953743963417604696964129882114816692064444747479668844620356929370923639598 367134298062142226999162619405939784292718
33142419819370526117223908506461253974325355679656662396796993586753141032624032058826 9917067774711112139880876471994015847359715
562122410505820754908766018802928683833331890334621116742798081272641996034514592689861 6026994513100205575166546813883896678248426
897465867276065251222211760523985385552389058922437540147478490885166812843814279609668 2359604624552186702771280752822952872349094
68817171567548693879496118461755751582227249767158253518487216554886678177644994991417759 97416706070405032468720598335152254691853735
982754004557057879507640449209539487481346560939142001325806618398306352893704516307419379 783022271342164850210157383786232015867809945
3034798669350531415045208559110105422491191532485479503989815847916494220241102552391339884 46268812465317757293762258982587557466978604
20819621207277763784441208731295813847733522467915019761981464191465264208145826196487018614 6572221069849930205899655528793009630172752648
776708458833046596023060822174639087180752696798410246359673715972293066072776698904696084510 7872776547242491577248978195153347585481981554
4403773077628580333926822203804501189780051148787948103331711087165423062214931547204343005781 28353181026088659656375870773437579587129908072
84234733482303916547792165114464691011901636831229661809459307004509824517492749606321277433869 8060233002582208772714828012101088616594377724
171526672424965833141274128592473740089206795060047684747853517127360261836611399591209749145256 402073582791225347208764983603567664313785914866
1121555370039643875060409835890866860338283760889802285151941942516713816381320628520286591681504 822864551214513960014575457758738341123387634085
86607533264946223232972466565410904994681698548276456811526401651098786628550848808815411588490836 8302227316271585294818723174087901836922242386968
430990689668109615829596287180766966927273367532642507115850754832345370344116698147121816245447662 5125886259378102957119308549928378066475831858192
2408214778544678596897453129999570178732148723496511884983465527762917956975552358671369064178661773 65129371929831648338050789057349391162587841512047
53590894909104343221894030039333710480876007475645701624826383375493192113245457069736440250365585365 25040126562780684716046369372492083930354592484296
